00/00 00:00:00 0 0 0 0 0 0 0 0 0 0 0 0 0 0
09/19 13:55:39 0 0 0 0 0 0 0 0 0 0 214 0 0 0
09/19 13:56:58 0 0 0 0 0 0 0 0 0 116 214 0 0 0
09/19 14:01:45 0 0 0 0 0 0 0 0 0 116 169 0 0 0
09/19 14:02:23 0 0 0 0 0 0 0 0 0 116 150 0 0 0
09/19 14:02:29 0 195 0 0 0 0 0 0 0 116 150 0 0 0
09/19 14:04:11 0 131 0 0 0 0 0 0 0 116 150 0 0 0
09/19 14:04:12 0 131 0 0 0 0 0 0 0 116 154 0 0 0
09/19 14:06:50 0 131 0 0 0 0 0 0 0 116 154 0 0 216
09/20 13:27:36 0 180 0 0 0 0 0 0 0 116 154 0 0 216
09/20 13:40:39 0 180 116 0 0 0 0 0 0 116 154 0 0 216
09/20 13:41:30 0 180 116 0 0 0 0 0 0 116 154 0 0 156
09/20 13:42:12 0 180 116 0 0 0 0 0 0 116 154 0 169 156
09/20 13:57:47 0 180 116 170 0 0 0 0 0 116 154 0 169 156
09/20 13:57:55 0 180 116 170 158 0 0 0 0 116 154 0 169 156
09/20 13:58:02 0 180 116 170 158 188 0 0 0 116 154 0 169 156
09/20 13:58:06 0 180 116 170 158 188 149 0 0 116 154 0 169 156
09/20 13:58:18 0 180 116 170 158 188 149 139 0 116 154 0 169 156
09/20 13:58:23 0 180 116 170 158 188 149 139 134 116 154 0 169 156
09/20 15:02:09 0 180 116 170 158 188 149 139 132 116 154 0 169 156
09/24 21:38:23 0 180 116 170 158 188 149 139 142 116 154 0 169 156